running: true
start: 2021-07-08 20:23:33.660968
last_checked: 2021-07-08 20:27:34.006250
